Tanduk besar kanan
137, 55
161, 74
177,69
181,48
219,11
168,22

Tanduk besar kiri
59, 51
73, 22
135, 2
103, 35

Tanduk kecil 1
83, 90
80, 70 (c)
92, 51
95, 74

Tanduk kecil 2
107, 55
111, 31 (c)
127, 77
127, 37
123, 44

Tanduk kecil 3
133, 35
150, 22
152, 55

Mata kanan
(c)112, 118 R=7 putih
(c)125, 128 R=2 putih
//(c)119, 119 R=17 hitam
98, 117
109, 134
121, 135
130, 130
135, 122
136,113
132, 104

98,117 (alis)
92, 133 (alis)
(curve) 113, 142
136, 130
146,109 (alis)
135,104 (alis)
105,109 (akhir alis)

Mata kiri
62, 129 (alis)
54, 116 (alis)
35, 109 (alis)
43, 133
52, 138
59, 137
(c)46, 120 R=4 putih
(c)54, 129 R=1 putih
60,128
56,133
48,133
39, 118
40, 112
54, 116